0000001110
0001111101
1000101000
1011000001
0100010011
0100001000
0000011001
1111010000
0100111100
1001100011
1101101110
0101111110
0100010101
0111111011
0011101010
1001001101
0010010110
0000111100
1101111000
1101111101
1010000110
1010101111
0101000100
0101001000
0010101010
0000110000
1000101110
1010000011
1101111001
0111101010
0101110111
0110000110
1111011011
0111010011
0001000011
0000001111
1000111101
0011011001
0011110000
0010110011
0000100000
1110100100
1100000101
1100000111
0101001111
1010001101
0100010111
1111101000
1110001100
1101000111
1111001101
1000101101
1001010001
1101100011
0110111001
1011111100
1101011011
1011100000
1011100100
0111111110
1100100011
1100011000
0011010010
0000101001
1011101101
1001001111
0100001011
1100000010
1010111111
1100100000
1110000001
0100111001
0001010001
1111111100
1010011010
0111111010
0001100110
1000010010
0100010110
0111011111
0110111010
0101111010
1000110111
1100000000
1000101100
1011100111
1111010001
1000000100
0111010001
0010000101
1101001100
0010101110
1011110111
1100001001
1000101111
0111110010
1011000110
0001110110
0011000101
1010111011
